0 3 0 1494 2713 0421
1 0 3 1051 2426 0549
2 3 3 0496 2458 1842 2164 3561 0428
3 2 2 0448 1653 2868 1309
4 2 3 1253 2686 2573 1179 3027
5 3 2 1958 0187 2356 2333 1467
6 0 1 0254
7 0 0
8 2 1 2638 3688 1633
9 3 1 2904 1724 0100 2007
10 3 2 2365 1439 0277 0363 2501
11 3 1 1876 2103 0735 3981
12 1 2 3622 1523 2215
13 2 3 1391 0096 0977 1285 3388
14 0 2 2986 1006
15 1 2 0969 1748 2728
16 2 3 1180 2339 1448 0070 2389
17 3 0 1672 1776 1237
18 0 0
19 3 1 0024 1804 2368 1598
20 0 2 1107 2366
21 3 2 2247 0002 3631 1600 3763
22 1 1 3070 0352
23 1 1 2045 2083
